10	0	-1.1411
10.977	0	-1.0386
11.955	0	-0.95277
12.932	0	-0.87987
13.91	0	-0.81715
14.887	0	-0.7626
15.865	0	-0.71472
16.842	0	-0.67234
17.82	0	-0.63456
18.797	0	-0.60067
19.774	0	-0.57007
20.752	0	-0.54232
21.729	0	-0.51702
22.707	0	-0.49386
23.684	0	-0.47257
24.662	0	-0.45294
25.639	0	-0.43476
26.617	0	-0.41789
27.594	0	-0.40218
28.571	0	-0.38751
29.549	0	-0.37378
30.526	0	-0.3609
31.504	0	-0.34879
32.481	0	-0.33738
33.459	0	-0.32662
34.436	0	-0.31643
35.414	0	-0.30679
36.391	0	-0.29763
37.368	0	-0.28893
38.346	0	-0.28066
39.323	0	-0.27276
40.301	0	-0.26523
41.278	0	-0.25804
42.256	0	-0.25115
43.233	0	-0.24456
44.211	0	-0.23824
45.188	0	-0.23217
46.165	0	-0.22634
47.143	0	-0.22073
48.12	0	-0.21532
49.098	0	-0.21012
50.075	0	-0.2051
51.053	0	-0.20026
52.03	0	-0.19558
53.008	0	-0.19105
53.985	0	-0.18667
54.962	0	-0.18243
55.94	0	-0.17833
56.917	0	-0.17434
57.895	0	-0.17048
58.872	0	-0.16673
59.85	0	-0.16309
60.827	0	-0.15955
61.805	0	-0.1561
62.782	0	-0.15275
63.759	0	-0.14949
64.737	0	-0.14631
65.714	0	-0.14321
66.692	0	-0.14019
67.669	0	-0.13724
68.647	0	-0.13437
69.624	0	-0.13156
70.602	0	-0.12881
71.579	0	-0.12613
72.556	0	-0.12351
73.534	0	-0.12094
74.511	0	-0.11843
75.489	0	-0.11597
76.466	0	-0.11357
77.444	0	-0.11121
78.421	0	-0.1089
79.398	0	-0.10663
80.376	0	-0.10441
81.353	0	-0.10223
82.331	0	-0.10009
83.308	0	-0.09799
84.286	0	-0.095928
85.263	0	-0.093902
86.241	0	-0.091911
87.218	0	-0.089954
88.195	0	-0.08803
89.173	0	-0.086137
90.15	0	-0.084276
91.128	0	-0.082444
92.105	0	-0.080641
93.083	0	-0.078865
94.06	0	-0.077117
95.038	0	-0.075395
96.015	0	-0.073699
96.992	0	-0.072027
97.97	0	-0.070378
98.947	0	-0.068753
99.925	0	-0.067151
100.9	0	-0.06557
101.88	0	-0.06401
102.86	0	-0.062471
103.83	0	-0.060952
104.81	0	-0.059452
105.79	0	-0.057971
106.77	0	-0.056508
107.74	0	-0.055063
108.72	0	-0.053636
109.7	0	-0.052225
110.68	0	-0.050831
111.65	0	-0.049452
112.63	0	-0.04809
113.61	0	-0.046742
114.59	0	-0.045409
115.56	0	-0.044091
116.54	0	-0.042786
117.52	0	-0.041495
118.5	0	-0.040218
119.47	0	-0.038953
120.45	0	-0.037701
121.43	0	-0.036462
122.41	0	-0.035234
123.38	0	-0.034018
124.36	0	-0.032814
125.34	0	-0.031621
126.32	0	-0.030438
127.29	0	-0.029266
128.27	0	-0.028105
129.25	0	-0.026954
130.23	0	-0.025813
131.2	0	-0.024681
132.18	0	-0.023559
133.16	0	-0.022446
134.14	0	-0.021343
135.11	0	-0.020248
136.09	0	-0.019162
137.07	0	-0.018084
138.05	0	-0.017014
139.02	0	-0.015953
140	0	-0.014899
140.98	0	-0.013853
141.95	0	-0.012815
142.93	0	-0.011784
143.91	0	-0.010761
144.89	0	-0.009744
145.86	0	-0.0087344
146.84	0	-0.0077316
147.82	0	-0.0067355
148.8	0	-0.0057458
149.77	0	-0.0047626
150.75	0	-0.0037856
151.73	0	-0.0028147
152.71	0	-0.0018498
153.68	0	-0.00089083
154.66	0	6.2433e-05
155.64	0	0.0010101
156.62	0	0.0019522
157.59	0	0.0028889
158.57	0	0.0038202
159.55	0	0.0047464
160.53	0	0.0056675
161.5	0	0.0065836
162.48	0	0.0074948
163.46	0	0.0084012
164.44	0	0.0093029
165.41	0	0.0102
166.39	0	0.011093
167.37	0	0.011981
168.35	0	0.012864
169.32	0	0.013744
170.3	0	0.014619
171.28	0	0.01549
172.26	0	0.016358
173.23	0	0.017221
174.21	0	0.01808
175.19	0	0.018936
176.17	0	0.019788
177.14	0	0.020636
178.12	0	0.02148
179.1	0	0.022321
180.08	0	0.023159
181.05	0	0.023993
182.03	0	0.024824
183.01	0	0.025652
183.98	0	0.026476
184.96	0	0.027297
185.94	0	0.028115
186.92	0	0.02893
187.89	0	0.029743
188.87	0	0.030552
189.85	0	0.031358
190.83	0	0.032162
191.8	0	0.032963
192.78	0	0.033761
193.76	0	0.034556
194.74	0	0.035349
195.71	0	0.036139
196.69	0	0.036927
197.67	0	0.037712
198.65	0	0.038495
199.62	0	0.039276
200.6	0	0.040054
201.58	0	0.04083
202.56	0	0.041603
203.53	0	0.042375
204.51	0	0.043144
205.49	0	0.043912
206.47	0	0.044677
207.44	0	0.04544
208.42	0	0.046201
209.4	0	0.04696
210.38	0	0.047717
211.35	0	0.048473
212.33	0	0.049226
213.31	0	0.049978
214.29	0	0.050728
215.26	0	0.051476
216.24	0	0.052222
217.22	0	0.052967
218.2	0	0.05371
219.17	0	0.054452
220.15	0	0.055192
221.13	0	0.05593
222.11	0	0.056667
223.08	0	0.057403
224.06	0	0.058137
225.04	0	0.05887
226.02	0	0.059601
226.99	0	0.060331
227.97	0	0.061059
228.95	0	0.061786
229.92	0	0.062512
230.9	0	0.063237
231.88	0	0.063961
232.86	0	0.064683
233.83	0	0.065404
234.81	0	0.066124
235.79	0	0.066843
236.77	0	0.067561
237.74	0	0.068278
238.72	0	0.068994
239.7	0	0.069709
240.68	0	0.070423
241.65	0	0.071136
242.63	0	0.071848
243.61	0	0.072559
244.59	0	0.073269
245.56	0	0.073978
246.54	0	0.074687
247.52	0	0.075394
248.5	0	0.076101
249.47	0	0.076808
250.45	0	0.077513
251.43	0	0.078218
252.41	0	0.078922
253.38	0	0.079625
254.36	0	0.080328
255.34	0	0.08103
256.32	0	0.081732
257.29	0	0.082433
258.27	0	0.083133
259.25	0	0.083833
260.23	0	0.084532
261.2	0	0.085231
262.18	0	0.085929
263.16	0	0.086627
264.14	0	0.087325
265.11	0	0.088022
266.09	0	0.088719
267.07	0	0.089415
268.05	0	0.090111
269.02	0	0.090807
270	0	0.091502
270.98	0	0.092197
271.95	0	0.092892
272.93	0	0.093586
273.91	0	0.094281
274.89	0	0.094975
275.86	0	0.095669
276.84	0	0.096363
277.82	0	0.097056
278.8	0	0.09775
279.77	0	0.098443
280.75	0	0.099136
281.73	0	0.09983
282.71	0	0.10052
283.68	0	0.10122
284.66	0	0.10191
285.64	0	0.1026
286.62	0	0.1033
287.59	0	0.10399
288.57	0	0.10468
289.55	0	0.10538
290.53	0	0.10607
291.5	0	0.10676
292.48	0	0.10746
293.46	0	0.10815
294.44	0	0.10884
295.41	0	0.10954
296.39	0	0.11023
297.37	0	0.11093
298.35	0	0.11162
299.32	0	0.11232
300.3	0	0.11301
301.28	0	0.11371
302.26	0	0.11441
303.23	0	0.1151
304.21	0	0.1158
305.19	0	0.1165
306.17	0	0.1172
307.14	0	0.11789
308.12	0	0.11859
309.1	0	0.11929
310.08	0	0.11999
311.05	0	0.12069
312.03	0	0.12139
313.01	0	0.12209
313.98	0	0.1228
314.96	0	0.1235
315.94	0	0.1242
316.92	0	0.12491
317.89	0	0.12561
318.87	0	0.12632
319.85	0	0.12702
320.83	0	0.12773
321.8	0	0.12844
322.78	0	0.12914
323.76	0	0.12985
324.74	0	0.13056
325.71	0	0.13127
326.69	0	0.13199
327.67	0	0.1327
328.65	0	0.13341
329.62	0	0.13413
330.6	0	0.13484
331.58	0	0.13556
332.56	0	0.13628
333.53	0	0.13699
334.51	0	0.13771
335.49	0	0.13844
336.47	0	0.13916
337.44	0	0.13988
338.42	0	0.1406
339.4	0	0.14133
340.38	0	0.14206
341.35	0	0.14278
342.33	0	0.14351
343.31	0	0.14424
344.29	0	0.14497
345.26	0	0.14571
346.24	0	0.14644
347.22	0	0.14718
348.2	0	0.14792
349.17	0	0.14865
350.15	0	0.14939
351.13	0	0.15014
352.11	0	0.15088
353.08	0	0.15163
354.06	0	0.15237
355.04	0	0.15312
356.02	0	0.15387
356.99	0	0.15462
357.97	0	0.15538
358.95	0	0.15613
359.92	0	0.15689
360.9	0	0.15765
361.88	0	0.15841
362.86	0	0.15917
363.83	0	0.15994
364.81	0	0.1607
365.79	0	0.16147
366.77	0	0.16224
367.74	0	0.16302
368.72	0	0.16379
369.7	0	0.16457
370.68	0	0.16535
371.65	0	0.16613
372.63	0	0.16691
373.61	0	0.1677
374.59	0	0.16849
375.56	0	0.16928
376.54	0	0.17008
377.52	0	0.17087
378.5	0	0.17167
379.47	0	0.17247
380.45	0	0.17328
381.43	0	0.17409
382.41	0	0.1749
383.38	0	0.17571
384.36	0	0.17652
385.34	0	0.17734
386.32	0	0.17816
387.29	0	0.17899
388.27	0	0.17982
389.25	0	0.18065
390.23	0	0.18148
391.2	0	0.18232
392.18	0	0.18316
393.16	0	0.18401
394.14	0	0.18485
395.11	0	0.18571
396.09	0	0.18656
397.07	0	0.18742
398.05	0	0.18828
399.02	0	0.18915
400	0	0.19002
